# Gol-e-Zard Cave, Iran Mid-Holocene Isotope and Trace Metal Data
#----------------------------------------------------
#                World Data Service for Paleoclimatology, Boulder
#                                  and
#                     NOAA Paleoclimatology Program
#             National Centers for Environmental Information (NCEI)
#----------------------------------------------------
# Template Version 4.0
# Encoding: UTF-8
# NOTE: Please cite original publication, NOAA Landing Page URL, dataset and publication DOIs (where available), and date accessed when using downloaded data. If there is no publication information, please cite investigator, study title, NOAA Landing Page URL, and date accessed.
#
# Description/Documentation lines begin with #
# Data lines have no #
#
# NOAA_Landing_Page: https://www.ncei.noaa.gov/access/paleo-search/study/28710
#   Landing_Page_Description: NOAA Landing Page of this file's parent study, which includes all study metadata.
#
# Study_Level_JSON_Metadata: https://www.ncei.noaa.gov/pub/data/metadata/published/paleo/json/noaa-cave-28710.json
#   Study_Level_JSON_Description: JSON metadata of this data file's parent study, which includes all study metadata.
#
# Data_Type: Speleothems
#
# Dataset_DOI: 10.25921/x5zv-ar39
#
# Science_Keywords: 
#--------------------
# Resource_Links
#
# Data_Download_Resource:  https://www.ncei.noaa.gov/pub/data/paleo/speleothem/asia/iran/gol-e-zard2019-noaa.txt
#   Data_Download_Description: NOAA Template File; Gol-e-Zard Cave Isotope and Trace Metal Data
#
#--------------------
# Contribution_Date
#   Date: 2020-01-08
#--------------------
# File_Last_Modified_Date
#   Date: 2025-03-31
#--------------------
# Title
#   Study_Name: Gol-e-Zard Cave, Iran Mid-Holocene Isotope and Trace Metal Data
#--------------------
# Investigators
#   Investigators: Carolin, S.A.(https://orcid.org/0000-0002-8881-8610); Walker, R.T.; Day, C.C.; Ersek, V.(https://orcid.org/0000-0001-9730-0007); Sloan, R.A.; Dee, M.W.; Talebian, M.; Henderson, G.M.(https://orcid.org/0000-0002-6279-7137)
#--------------------
# Description_Notes_and_Keywords
#   Description: Mid-Holocene (4.9-3.7ka) stable isotope (d18O, d13C) and trace metal (Mg/Ca, Sr/Ca, Ba/Ca, S/Ca) data from Stalagmite GZ14-1 collected in Gol-e-Zard Cave, Iran# Provided Keywords: 4.2 ka event, stalagmite, drought, Mesopotamia, dust
#--------------------
# Publication
#   Authors: Stacy A. Carolin, Richard T. Walker, Christopher C. Day, Vasile Ersek, R. Alastair Sloan, Michael W. Dee, Morteza Talebian, and Gideon M. Henderson
#   Journal_Name: Proceedings of the National Academy of Sciences
#   Published_Title: Precise timing of abrupt increase in dust activity in the Middle East coincident with 4.2 ka social change
#   Published_Date_or_Year: 2019
#   Volume: 116
#   Pages: 67-72
#   Issue: 1
#   Report_Number: 
#   DOI: 10.1073/pnas.1808103115
#   Full_Citation:
#   Abstract: The extent to which climate change causes significant societal disruption remains controversial. An important example is the decline of the Akkadian Empire in northern Mesopotamia ~4.2 ka, for which the existence of a coincident climate event is still uncertain. Here we present an Iranian stalagmite record spanning 5.2 ka to 3.7 ka, dated with 25 U/Th ages that provide an average age uncertainty of 31 y (1sigma). We find two periods of increased Mg/Ca, beginning abruptly at 4.51 and 4.26 ka, and lasting 110 and 290 y, respectively. Each of these periods coincides with slower vertical stalagmite growth and a gradual increase in stable oxygen isotope ratios. The periods of high Mg/Ca are explained by periods of increased dust flux sourced from the Mesopotamia region, and the abrupt onset of this dustiness indicates threshold behavior in response to aridity. This interpretation is consistent with existing marine and terrestrial records from the broad region, which also suggest that the later, longer event beginning at 4.26 ka is of greater regional extent and/or amplitude. The chronological precision and high resolution of our record indicates that there is no significant difference, at decadal level, between the start date of the second, larger dust event and the timing of North Mesopotamia settlement abandonment, and furthermore reveals striking similarity between the total duration of the second dust event and settlement abandonment. The Iranian record demonstrates this region's threshold behavior in dust production, and its ability to maintain this climate state for multiple centuries naturally.
#--------------------
# Funding_Agency
#   Funding_Agency_Name: Leverhulme Trust
#   Grant: RPG-2013-235
#--------------------
# Funding_Agency
#   Funding_Agency_Name: Royal Geographical Society
#   Grant: Thesiger-Oman Fellowship
#--------------------
# Funding_Agency
#   Funding_Agency_Name: British Cave Research Association
#   Grant: Ghar Parau Foundation Expedition Grant
#--------------------
# Site_Information
#   Site_Name: Gol-e-Zard Cave
#   Location: Iran
#   Northernmost_Latitude: 35.84
#   Southernmost_Latitude: 35.84
#   Easternmost_Longitude: 52.0
#   Westernmost_Longitude: 52.0
#   Elevation_m: 2535
#--------------------
# Data_Collection
#   Collection_Name: Gol-e-ZardGZ14-1
#   First_Year: 4920
#   Last_Year: 3766
#   Time_Unit: cal yr BP
#   Core_Length_m:
#   Parameter_Keywords: trace metals, carbon isotopes, oxygen isotopes
#   Notes: 
#--------------------
# Chronology_Information
#   Chronology: Uranium-Thorium
#   Chronology_Download_Resource: https://www.ncei.noaa.gov/pub/data/paleo/templates/noaa-wds-paleo-uth-terms.csv
#     Chronology_Download_Description: Uranium-Thorium terms and definitions.
#   Chronology_Notes: Sample ID labels begin with a two-letter pair (aa, ab, etc.) that define the sample batch followed by a two-digit number specifying the sample number in the particular batch. 
#   Rejection_Rationale:
#   238U_Decay_Constant: Cheng et al. 2013
#   234U_Decay_Constant: Cheng et al. 2013
#   230Th_Decay_Constant: Cheng et al. 2013
#   Initial_230Th/232Th: 5.38 ± 5.38 ppm (uniform distribution)
#   Initial_230Th/232Th_Method: 
#   Age_Model_Method: Oxcal 
#   Missing_Values: na
#   Chronology_Table:
# samp_id	depth_top_mm	238U_ppb	232Th_ppb	234U_238U_act	234U_238U_act_1s	230Th_238U_act	230Th_238U_act_1s	232Th_238U_act	232Th_238U_act_1s	age_uncorr_BM	age_corr_BM	age_corr_BP1950	age_corr_pos2s_yr	age_corr_neg2s_yr	234U_238U_act_init	age_model_BP1950	age_model_1s_yr	age_model_pos1s_BP1950	age_model_neg1s_BP1950	age_model_pos2s_BP1950	age_model_neg2s_BP1950	date_used	notes
# ac19	6.5	98.2867911954	0.144574568635	1.77249145447445	6.11242303008718E-03	6.04650942440123E-02	1.31118597769251E-03	4.81384852072586E-04	7.57887749051882E-06	3776.27589007	3744.1069428	3680.1069428	86.3198146943	83.0733187358	1.79131905853318	3690	40	3731	3651	3768	3605	yes	NaN
# ai09	23.75	143.932678092	0.0332615542475	1.78044210582193	6.87311617750382E-03	6.28539731785249E-02	6.64830901532848E-04	7.56270902840297E-05	3.18582737122543E-06	3910.03438309	3905.22430757	3840.22430757	42.4313986886	42.8636353344	1.80017248413548	3836	19	3856	3818	3874	3799	yes	NaN
# aj05	29.85	140.290907247	0.0238156799978	1.78597760371017	6.82481054385164E-03	6.29939833040103E-02	1.24293851256742E-03	5.56057759473187E-05	4.41559064332515E-06	3904.96964383	3901.44804101	3836.44804101	83.2770388606	81.8518832765	1.80575008120378	3867	25	3889	3839	3919	3818	yes	NaN
# ab09	34.5	157.756463358	0.115221487937	1.78022962671211	5.79589411707469E-03	6.37770508512856E-02	1.6093670357927E-03	2.38890461584915E-04	1.30530601896489E-05	3969.84567206	3954.76372863	3890.76372863	101.654388833	98.7398502582	1.80020930785328	3919	40	3953	3873	4000	3845	yes	NaN
# ao11	35.9666666666667	88.3425219403	0.0203460623956	1.78954374740379	7.93770991298962E-03	6.61794993958704E-02	2.92433375398772E-03	7.55602475354438E-05	2.24092109449044E-05	4097.47307858	4092.70800312	4026.70800312	183.550754852	185.811189861	1.81033256359224	4022	80	4101	3925	4169	3880	yes	NaN
# ao08	37.4333333333333	99.4368399572	0.0296006594389	1.79699989794581	7.91816831358817E-03	0.069123497243759	3.43026648635976E-03	9.73579759058773E-05	2.70478379133389E-05	4264.66282253	4258.48985649	4192.48985649	215.167994553	214.551028579	1.81872601622321	4123	58	4188	4070	4235	3992	yes	NaN
# aj02	38.9	98.3958158222	0.00394137186925	1.79129876484798	6.3617193781266E-03	6.82955666823793E-02	1.45966529724482E-03	1.30396923625544E-05	8.14891565783469E-06	4224.77564711	4223.96550035	4158.96550035	96.6368367917	92.9458507692	1.81277932785072	4160	42	4202	4117	4244	4074	yes	NaN
# ao14	40.2	95.2811817662	0.00729095247224	1.79299222966169	7.45048444211881E-03	6.81760706710015E-02	2.9089853747683E-03	2.49904514256706E-05	1.39572231701682E-05	4217.05519046	4215.46319983	4149.46319983	188.832850188	182.757191945	1.81444956361134	4191	56	4235	4114	4317	4093	yes	NaN
# aj01	41.5	105.693083195	1.71805709262	1.78028141388347	5.94375095025465E-03	7.15657761877571E-02	1.32421974182969E-03	5.31840515144878E-03	2.55335940499045E-05	4460.90070936	4110.88577999	4045.88577999	301.487713773	311.72689525	1.80105502071627	nan	nan	nan	nan	nan	nan	no	sample removed from chronology because of high detrital contamination
# ao10	42.625	130.090914487	0.023090597047	1.77722310914636	7.28402835964226E-03	7.12536984024525E-02	1.30405575186709E-03	5.80125321933021E-05	9.26731910048438E-06	4448.83446631	4445.10358474	4379.10358474	86.9003878845	84.6861137004	1.79965763518856	4323	21	4345	4304	4363	4280	yes	NaN
# ai01	43.75	139.671424155	0.0197426312451	1.77323522026837	6.85789935896564E-03	7.01115648123444E-02	7.28232495493378E-04	4.62517889182481E-05	3.7159970442319E-06	4387.36193841	4384.38617931	4319.38617931	45.2425680753	47.2082848763	1.79531175603103	4328	19	4347	4310	4365	4290	yes	NaN
# aj03	48.65	164.998999144	0.0715528332365	1.78060016266801	5.59188031216187E-03	7.10735770289962E-02	9.57835020957054E-04	1.4190239440692E-04	4.73771635357097E-06	4430.62578144	4421.57412396	4356.57412396	54.8394743794	59.5338876965	1.80295759531659	4360	22	4381	4337	4404	4315	yes	NaN
# ag09	52	155.169554603	0.0758541149484	1.78620342033616	5.71952928122343E-03	7.15583157876765E-02	0.001148087726726	1.59952750360315E-04	5.09480014538734E-06	4447.1522149	4437.05377475	4372.05377475	73.5040490761	71.8945613238	1.80871021905267	4391	29	4416	4358	4451	4336	yes	NaN
# ao16	53.75	120.453789609	0.123134912336	1.78841790500214	7.18491192058755E-03	7.35716713164902E-02	1.29632921022684E-03	3.34370492543766E-04	8.51963565117696E-06	4568.19284492	4547.02382105	4481.02382105	89.5519787319	84.3222504103	1.81151470900957	4476	42	4524	4434	4554	4394	yes	NaN
# ak19	55.5	114.720643905	0.083852158087	1.78142152648185	5.71372993813636E-03	7.49568201565153E-02	2.31629879170478E-03	2.39394403639343E-04	1.55079980186772E-05	4670.55549197	4655.65915995	4590.65915995	156.844954573	147.950286656	1.80498125277449	4522	37	4566	4489	4592	4447	yes	NaN
# ao17	57.2	114.301813028	0.00870338394339	1.7917601979721	7.11810353688261E-03	7.38665849034142E-02	1.91514000955463E-03	2.48333056910515E-05	1.02135613530618E-05	4579.68554819	4578.10808878	4512.10808878	113.365317858	118.476638738	1.81505937960124	4542	33	4578	4507	4603	4473	yes	NaN
# aj04	58.9	138.910168337	0.006216962653	1.79035417166294	6.07342397340538E-03	7.49666801672157E-02	8.85006770528879E-04	1.46137017955966E-05	4.21996589460525E-06	4650.00919449	4649.1059172	4584.1059172	60.7300704828	59.1475495125	1.81399848657438	4568	25	4593	4544	4617	4519	yes	NaN
# ai02	67	110.80538225	0.0212622843722	1.78519547543693	7.05872570761367E-03	7.54779034392586E-02	8.85665300238204E-04	6.28121777883846E-05	4.34532767934639E-06	4695.43434245	4691.43155954	4626.43155954	60.671196692	57.8053114369	1.8089877245625	4625	25	4649	4599	4675	4576	yes	NaN
# af19	77	102.948341948	0.0222671956411	1.78480499587222	6.11372199850952E-03	7.70411548812272E-02	1.62056181083502E-03	7.08240853000896E-05	1.06119340902805E-05	4798.76440513	4794.2729656	4729.2729656	102.432188802	102.55431163	1.80911701498045	4699	33	4731	4664	4766	4633	yes	NaN
# ai03	94.75	102.25992136	0.0713316294802	1.78464344811446	6.85968176902365E-03	7.80933543337238E-02	0.001030095098412	2.2822377435008E-04	5.52423901236071E-06	4864.38692987	4849.84775269	4784.84775269	69.9347024541	67.977141042	1.80923699680142	4790	27	4819	4763	4844	4735	yes	NaN
# ai04	109	113.831656645	0.0357366894631	1.7853633017752	6.77828470572702E-03	7.94326249841712E-02	8.55245367697945E-04	1.02738549876223E-04	4.40689327960793E-06	4947.58381615	4941.02642638	4876.02642638	56.4516258227	54.5713084065	1.81043255604247	4871	23	4895	4848	4916	4826	yes	NaN
# af20	121	121.819844765	0.136824268329	1.77242419764628	6.00961392521322E-03	8.05538240471619E-02	1.46836524639883E-03	3.67546628427633E-04	7.10349493676826E-06	5060.18180133	5036.78604336	4971.78604336	86.2947096999	93.615877117	1.79779753699615	4927	23	4951	4903	4974	4879	yes	NaN
# ai05	134	96.4738104557	0.0145397311126	1.77554190760321	6.90148429618336E-03	8.04142951296686E-02	9.74712986550367E-04	4.93156926849624E-05	4.36041741124426E-06	5038.3506617	5035.19209783	4970.19209783	61.2614151053	62.849516847	1.80095177780571	4965	20	4985	4944	5005	4924	yes	NaN
# ai06	144.7	98.4428431985	0.0143054205265	1.78392511882091	6.95408776680218E-03	8.07219986781014E-02	9.89210956172937E-04	4.75664098099758E-05	4.64999132423661E-06	5031.67424758	5028.62872804	4963.62872804	68.8998284218	64.7015150591	1.80942144676535	4993	22	5013	4972	5036	4950	yes	NaN
# ac01	161.1	121.686624884	0.205325898628	1.79000923730147	6.15394885636502E-03	0.083177949822596	1.33261317552489E-03	5.52021488269094E-04	6.90440398753579E-06	5174.15603263	5139.24343923	5075.24343923	95.3516568028	90.2704539604	1.81615936735564	5071	31	5101	5038	5132	5010	yes	NaN
# ai08	183.3	92.3824515156	0.028269523235	1.78611200398203	6.92616767387856E-03	8.39359399616419E-02	1.13156273211114E-03	1.00125872697187E-04	5.19752833940232E-06	5231.71779121	5225.30162471	5160.30162471	70.0452208062	72.3612873412	1.81264536767719	5174	33	5207	5140	5240	5110	yes	NaN
#--------------------
# Variables
# PaST_Thesaurus_Download_Resource: https://www.ncei.noaa.gov/access/paleo-search/skos/past-thesaurus.rdf
#   PaST_Thesaurus_Download_Description: Paleoenvironmental Standard Terms (PaST) Thesaurus terms, definitions, and relationships in SKOS format.
#
# Data variables follow that are preceded by '##' in columns one and two.
# Variables list, one per line, shortname-tab-var components: what, material, error, units, seasonality, data type, detail, method, C or N for Character or Numeric data)
#
## depth_mm	depth,,,millimeter,,speleothems,,,N,distance from top of stalagmite
## mu_yrBP	age,,,calendar year before present,,speleothems,,,N,modeled age calendar year before 1950 C.E.
## sd	age,,one standard deviation,year,,speleothems,,,N,
## to_68	age,,68% confidence interval lower bound,calendar year before present,,speleothems,,,N,year before 1950 C.E.
## from_68	age,,68% confidence interval upper bound,calendar year before present,,speleothems,,,N,year before 1950 C.E.
## to_95	age,,95% confidence interval lower bound,calendar year before present,,speleothems,,,N,year before 1950 C.E.
## from_95	age,,95% confidence interval upper bound,calendar year before present,,speleothems,,,N,year before 1950 C.E.
## d18O_permil	delta 18O,calcite,,per mil VPDB,,speleothems,,,N,Kiel+DeltaV
## d13C_permil	delta 13C,calcite,,per mil VPDB,,speleothems,,,N,Kiel+DeltaV
## Mg_Ca	magnesium/calcium,calcite,,millimole per mole,,speleothems,,,N,Element 2 ICP-MS
## Sr_Ca	strontium/calcium,calcite,,millimole per mole,,speleothems,,,N,Element 2 ICP-MS
## Ba_Ca	barium/calcium,calcite,,millimole per mole,,speleothems,,,N,Element 2 ICP-MS
## S_Ca	sulfur/calcium,calcite,,millimole per mole,,speleothems,,,N,Element 2 ICP-MS
#--------------------
# Data:
# Data lines follow (have no #)
# Data line format - tab-delimited text, variable short name as header
# Missing_Value: -999
depth_mm	mu_yrBP	sd	to_68	from_68	to_95	from_95	d18O_permil	d13C_permil	Mg_Ca	Sr_Ca	Ba_Ca	S_Ca
15.5	3766	45	3730	3820	3675	3848	-8.27	-6.93	0.708	0.094	0.0059	0.421
16	3771	44	3736	3824	3680	3851	-8.26	-6.64	0.890	0.093	0.0054	0.422
16.5	3775	44	3741	3828	3684	3853	-8.36	-6.76	0.889	0.108	0.0065	0.477
17	3779	43	3747	3832	3690	3855	-8.40	-6.61	0.901	0.134	0.0081	0.568
17.5	3784	42	3754	3835	3694	3858	-8.24	-6.56	0.800	0.136	0.0081	0.499
18	3787	41	3759	3838	3701	3859	-8.39	-6.98	0.899	0.134	0.0079	0.534
18.5	3792	40	3764	3841	3705	3862	-8.20	-6.80	0.749	0.126	0.0075	0.380
19	3796	39	3770	3843	3712	3863	-8.30	-7.04	0.734	0.133	0.0079	0.422
19.5	3800	38	3776	3845	3717	3866	-8.18	-6.83	0.757	0.151	0.0089	0.493
20	3804	37	3782	3848	3723	3868	-8.13	-6.95	0.651	0.148	0.0090	0.485
20.5	3809	35	3788	3849	3732	3869	-8.08	-6.96	0.762	0.134	0.0077	0.525
21	3813	33	3792	3852	3738	3872	-8.00	-6.67	0.792	0.135	0.0078	0.523
21.5	3817	31	3797	3853	3748	3873	-8.02	-7.00	0.815	0.093	0.0059	0.525
22	3822	29	3803	3853	3758	3875	-8.15	-7.22	0.724	0.066	0.0048	0.503
22.5	3826	27	3808	3854	3768	3876	-8.21	-7.36	0.734	0.060	0.0047	0.488
23	3830	24	3811	3854	3780	3877	-8.19	-7.48	0.780	0.060	0.0062	0.440
23.5	3834	21	3815	3856	3793	3876	-8.36	-7.50	0.790	0.099	0.0067	0.465
24	3837	19	3819	3857	3800	3876	-8.08	-6.83	0.884	0.084	0.0052	0.377
24.5	3840	20	3819	3860	3800	3881	-8.05	-6.86	1.010	0.123	0.0079	0.490
25	3843	21	3821	3862	3800	3885	-8.01	-6.98	0.834	0.109	0.0071	0.518
25.5	3845	22	3822	3866	3802	3890	-7.99	-6.64	0.809	0.126	0.0083	0.612
26	3848	22	3824	3868	3803	3894	-7.91	-6.93	0.948	0.101	0.0067	0.493
26.5	3850	23	3825	3870	3805	3897	-7.98	-7.22	0.869	0.104	0.0064	0.455
27	3852	23	3827	3874	3807	3902	-7.99	-6.88	0.803	0.123	0.0077	0.515
27.5	3855	24	3830	3876	3809	3905	-8.11	-7.18	0.837	0.111	0.0068	0.505
28	3857	24	3831	3879	3811	3907	-8.09	-7.04	0.737	0.110	0.0067	0.595
28.5	3860	24	3833	3882	3812	3912	-8.25	-7.54	0.891	0.088	0.0059	0.466
29	3863	25	3836	3885	3815	3914	-8.31	-7.42	0.890	0.105	0.0066	0.456
29.5	3865	25	3837	3887	3816	3917	-8.27	-7.15	0.834	0.108	0.0066	0.421
30	3869	26	3840	3891	3818	3923	-8.09	-6.88	0.831	0.089	0.0054	0.327
30.5	3874	29	3841	3897	3819	3935	-8.28	-7.38	0.901	0.116	0.0072	0.467
31	3880	32	3844	3904	3821	3949	-8.37	-7.38	0.952	0.129	0.0076	0.396
31.5	3886	34	3847	3911	3823	3958	-8.30	-7.43	0.861	0.105	0.0058	0.318
32	3891	35	3849	3918	3826	3967	-8.03	-6.83	0.921	0.110	0.0061	0.396
32.5	3896	37	3853	3924	3829	3974	-8.01	-7.19	0.657	0.114	0.0068	0.479
33	3902	38	3858	3932	3833	3981	-8.07	-6.74	0.709	0.142	0.0080	0.488
33.5	3908	39	3863	3938	3837	3988	-8.15	-7.07	0.767	0.125	0.0072	0.441
34	3914	39	3867	3947	3842	3994	-8.07	-6.51	0.710	0.146	0.0081	0.377
34.5	3919	40	3873	3953	3845	4000	-7.88	-6.94	0.793	0.106	0.0062	0.434
35	3954	67	3873	3988	3846	4107	-7.90	-7.15	0.826	0.068	0.0043	0.320
35.25	3970	75	3873	4009	3853	4133	-7.73	-6.67	1.569	0.076	0.0040	0.146
35.5	3988	78	3884	4040	3862	4146	-7.67	-6.50	1.484	0.081	0.0044	0.156
35.75	4005	80	3901	4071	3871	4158	-7.42	-6.23	1.631	0.066	0.0034	0.131
36	4022	80	3925	4101	3880	4169	-7.30	-6.10	1.722	0.053	0.0026	0.130
36.25	4041	81	3957	4134	3889	4184	-7.24	-6.25	1.702	0.057	0.0029	0.136
36.5	4059	81	3988	4160	3899	4198	-7.31	-6.42	1.649	0.063	0.0032	0.134
36.75	4077	79	4018	4178	3912	4210	-7.23	-6.22	1.639	0.065	0.0032	0.161
37	4095	73	4046	4186	3934	4220	-7.64	-6.55	1.503	0.083	0.0042	0.154
37.25	4112	64	4062	4188	3969	4229	-7.47	-6.42	1.451	0.079	0.0043	0.180
37.5	4126	57	4076	4189	3997	4236	-7.58	-6.76	1.478	0.094	0.0052	0.195
37.75	4132	55	4090	4192	4010	4239	-7.65	-7.02	1.324	0.105	0.0054	0.230
38	4138	53	4097	4194	4024	4243	-7.74	-6.90	1.248	0.103	0.0049	0.227
38.25	4144	51	4103	4197	4039	4246	-7.76	-6.62	1.287	0.098	0.0047	0.254
38.5	4150	47	4109	4199	4055	4247	-7.49	-6.47	1.414	0.076	0.0037	0.222
38.75	4156	44	4114	4201	4067	4245	-7.25	-6.45	1.499	0.069	0.0031	0.170
39	4162	43	4118	4204	4074	4250	-7.53	-7.07	1.543	0.076	0.0031	0.162
39.25	4169	46	4119	4210	4075	4265	-7.71	-7.02	1.513	0.073	0.0028	0.170
39.5	4175	49	4121	4216	4078	4282	-7.72	-6.91	1.484	0.086	0.0035	0.150
39.75	4181	52	4122	4222	4083	4297	-7.75	-6.67	1.487	0.088	0.0035	0.152
40	4187	54	4120	4229	4089	4310	-7.68	-6.62	1.530	0.079	0.0032	0.162
40.25	4194	57	4116	4239	4095	4320	-7.71	-6.57	1.483	0.074	0.0030	0.173
40.5	4209	62	4128	4260	4103	4335	-7.88	-6.50	1.489	0.082	0.0033	0.295
40.75	4222	66	4141	4312	4109	4343	-7.88	-6.32	1.519	0.081	0.0034	0.314
41	4235	68	4157	4332	4116	4349	-7.79	-6.19	1.487	0.076	0.0033	0.303
41.25	4249	68	4172	4341	4124	4353	-7.78	-6.39	1.522	0.089	0.0039	0.321
41.5	4263	66	4199	4348	4132	4357	-7.72	-6.58	1.533	0.103	0.0046	0.337
41.75	4276	61	4247	4352	4142	4360	-7.90	-6.79	1.261	0.139	0.0070	0.381
42	4288	56	4273	4353	4154	4364	-8.01	-6.61	0.892	0.157	0.0075	0.488
42.25	4302	46	4289	4349	4185	4368	-7.98	-7.25	0.789	0.108	0.0052	0.548
42.5	4316	30	4299	4346	4244	4366	-7.91	-6.32	0.831	0.144	0.0075	0.564
42.75	4323	21	4304	4345	4281	4363	-8.10	-6.53	0.924	0.167	0.0087	0.509
43	4324	20	4306	4346	4283	4364	-7.88	-5.91	0.771	0.193	0.0097	0.438
43.25	4325	20	4307	4346	4286	4365	-7.75	-5.77	0.660	0.178	0.0086	0.534
43.5	4327	19	4308	4347	4288	4365	-7.58	-6.22	0.910	0.105	0.0051	0.705
43.75	4328	19	4310	4347	4290	4365	-7.73	-6.53	1.239	0.061	0.0022	0.401
44	4330	19	4311	4349	4290	4368	-7.54	-5.94	1.650	0.084	0.0035	0.319
44.25	4331	20	4312	4351	4291	4371	-8.00	-6.77	1.304	0.143	0.0075	0.523
44.5	4333	20	4313	4353	4292	4373	-8.08	-6.86	0.907	0.131	0.0066	0.681
44.75	4335	20	4314	4355	4294	4375	-8.01	-6.97	0.802	0.099	0.0047	0.643
45	4336	21	4314	4357	4294	4379	-7.89	-6.31	0.775	0.109	0.0053	0.578
45.25	4338	21	4316	4359	4295	4382	-8.07	-5.96	0.710	0.157	0.0076	0.568
45.5	4339	21	4317	4360	4296	4383	-8.12	-6.68	0.747	0.132	0.0064	0.692
45.75	4341	22	4319	4362	4298	4386	-8.16	-7.03	0.792	0.095	0.0047	0.708
46	4343	22	4320	4364	4299	4388	-8.26	-7.09	1.048	0.091	0.0046	0.524
46.25	4344	22	4321	4365	4300	4390	-8.29	-7.10	0.970	0.124	0.0057	0.484
46.5	4346	22	4323	4367	4303	4391	-8.10	-5.99	0.821	0.168	0.0083	0.484
46.75	4348	22	4325	4369	4304	4393	-8.38	-7.07	0.833	0.131	0.0068	0.662
47	4349	22	4326	4370	4305	4395	-8.26	-7.55	0.893	0.100	0.0053	0.763
47.25	4351	22	4327	4372	4307	4397	-8.23	-7.28	1.138	0.118	0.0068	0.589
47.5	4352	22	4329	4373	4309	4398	-8.37	-7.13	0.983	0.127	0.0067	0.608
47.75	4354	22	4331	4375	4311	4399	-8.09	-6.61	0.831	0.121	0.0063	0.624
48	4356	22	4333	4377	4313	4401	-7.99	-5.71	0.733	0.157	0.0081	0.654
48.25	4357	22	4334	4378	4314	4402	-8.15	-6.62	0.722	0.148	0.0078	0.683
48.5	4359	22	4336	4380	4315	4404	-8.27	-7.42	0.763	0.113	0.0065	0.788
48.75	4361	22	4337	4382	4316	4406	-8.26	-7.28	0.804	0.105	0.0064	0.743
49	4363	23	4339	4384	4318	4412	-8.43	-7.32	0.947	0.162	0.0097	0.716
49.25	4366	24	4340	4387	4319	4416	-8.18	-7.39	0.872	0.120	0.0067	0.765
49.5	4368	25	4341	4389	4320	4420	-7.76	-5.95	0.877	0.132	0.0075	0.698
49.75	4370	26	4342	4391	4322	4422	-8.05	-6.68	0.793	0.097	0.0062	0.766
50	4373	26	4343	4394	4323	4426	-8.23	-7.04	0.795	0.101	0.0066	0.796
50.25	4375	27	4345	4398	4324	4432	-8.02	-6.40	0.766	0.126	0.0079	0.775
50.5	4378	27	4346	4401	4326	4435	-7.95	-6.26	0.784	0.109	0.0069	0.800
50.75	4380	27	4348	4403	4328	4437	-8.04	-6.54	0.829	0.083	0.0056	0.854
51	4382	28	4350	4405	4329	4441	-8.03	-6.73	0.830	0.051	0.0038	0.607
51.25	4384	28	4352	4408	4331	4444	-7.92	-6.61	0.801	0.063	0.0045	0.623
51.5	4386	28	4353	4411	4333	4445	-7.75	-6.44	0.775	0.067	0.0045	0.641
51.75	4389	28	4356	4414	4335	4448	-7.81	-6.73	0.952	0.055	0.0036	0.532
52	4391	29	4358	4416	4336	4451	-7.94	-6.78	1.446	0.096	0.0055	0.331
52.25	4404	38	4359	4430	4338	4485	-7.92	-6.73	1.604	0.105	0.0058	0.318
52.5	4416	45	4361	4446	4340	4513	-7.77	-6.73	1.706	0.095	0.0048	0.285
52.75	4429	48	4368	4468	4346	4528	-7.52	-6.38	1.556	0.101	0.0054	0.329
53	4442	49	4381	4487	4353	4538	-7.59	-6.44	1.381	0.143	0.0088	0.393
53.25	4453	48	4400	4505	4361	4544	-7.63	-6.67	1.250	0.146	0.0084	0.449
53.5	4465	45	4418	4515	4376	4549	-7.34	-6.65	1.516	0.093	0.0048	0.318
53.75	4476	42	4434	4524	4394	4554	-7.09	-6.26	1.809	0.086	0.0042	0.262
54	4483	43	4442	4531	4399	4562	-7.01	-5.65	1.849	0.068	0.0030	0.259
54.25	4490	43	4450	4539	4403	4570	-7.36	-6.09	1.911	0.076	0.0033	0.237
54.5	4496	43	4457	4546	4409	4576	-7.84	-6.80	1.667	0.111	0.0053	0.291
54.75	4503	42	4465	4552	4416	4582	-7.72	-6.58	1.401	0.106	0.0050	0.309
55	4509	40	4475	4557	4426	4586	-7.55	-6.03	1.598	0.086	0.0040	0.279
55.25	4516	39	4482	4561	4436	4589	-8.14	-6.23	1.343	0.147	0.0085	0.368
55.5	4522	37	4489	4566	4447	4592	-7.99	-6.07	1.017	0.140	0.0069	0.430
55.75	4525	36	4493	4568	4449	4594	-7.74	-5.80	1.130	0.103	0.0045	0.345
56	4529	36	4497	4571	4452	4596	-7.64	-5.51	1.719	0.065	0.0026	0.298
56.25	4532	35	4501	4572	4457	4598	-7.85	-5.98	1.695	0.083	0.0035	0.263
56.5	4535	35	4505	4574	4461	4599	-8.12	-6.19	1.385	0.125	0.0058	0.315
56.75	4538	34	4510	4576	4466	4601	-8.02	-5.38	1.066	0.143	0.0063	0.366
57	4540	33	4508	4577	4470	4602	-8.14	-5.83	0.822	0.147	0.0070	0.424
57.25	4543	33	4509	4579	4474	4604	-8.20	-6.59	0.764	0.129	0.0061	0.470
57.5	4547	32	4518	4582	4480	4607	-8.02	-6.11	0.799	0.115	0.0053	0.499
57.75	4551	31	4525	4585	4486	4610	-7.93	-5.53	0.758	0.118	0.0054	0.521
58	4555	30	4530	4587	4492	4613	-7.99	-5.81	0.792	0.092	0.0042	0.605
58.25	4559	29	4534	4589	4499	4614	-8.01	-6.15	0.920	0.081	0.0035	0.552
58.5	4562	27	4537	4591	4507	4616	-8.12	-6.39	1.293	0.100	0.0045	0.429
58.75	4566	26	4542	4592	4514	4617	-8.22	-6.56	1.103	0.126	0.0058	0.483
59	4569	25	4544	4594	4519	4618	-8.21	-6.12	0.878	0.129	0.0057	0.479
59.25	4571	25	4545	4596	4520	4622	-8.06	-5.88	0.895	0.125	0.0055	0.484
59.5	4573	25	4546	4598	4520	4624	-8.13	-6.31	1.134	0.126	0.0057	0.505
59.75	4574	26	4547	4600	4521	4626	-7.99	-5.87	1.043	0.162	0.0074	0.565
60	4576	26	4548	4602	4523	4629	-8.19	-5.94	0.768	0.168	0.0100	0.459
60.5	4580	27	4551	4606	4525	4635	-8.34	-6.92	0.775	0.138	0.0089	0.523
61	4583	28	4554	4610	4528	4639	-8.13	-5.96	0.758	0.197	0.0118	0.453
61.5	4587	28	4558	4614	4530	4644	-8.05	-6.90	0.658	0.128	0.0079	0.610
62	4590	28	4560	4618	4533	4647	-7.93	-6.05	0.716	0.189	0.0107	0.540
62.5	4593	28	4564	4622	4536	4651	-8.18	-7.31	0.623	0.158	0.0093	0.596
63	4597	29	4567	4625	4539	4654	-7.75	-6.15	0.724	0.146	0.0083	0.540
63.5	4600	28	4571	4629	4543	4657	-7.95	-6.24	1.124	0.099	0.0056	0.377
64	4604	28	4574	4633	4546	4660	-8.31	-6.86	0.988	0.127	0.0070	0.426
64.5	4607	28	4579	4635	4549	4664	-8.29	-6.28	0.746	0.133	0.0073	0.398
65	4611	28	4583	4639	4555	4666	-8.05	-6.37	0.749	0.130	0.0074	0.405
65.5	4614	27	4587	4642	4559	4669	-7.54	-5.30	1.393	0.060	0.0029	0.209
66	4618	26	4590	4645	4564	4671	-8.08	-6.07	1.289	0.087	0.0039	0.173
66.5	4621	26	4594	4647	4569	4674	-8.35	-6.49	1.146	0.145	0.0074	0.264
67	4625	25	4599	4649	4576	4675	-8.31	-6.61	0.708	0.138	0.0078	0.354
67.5	4628	27	4600	4654	4576	4682	-8.36	-7.03	0.744	0.142	0.0083	0.346
68	4632	27	4602	4657	4578	4688	-8.04	-6.10	0.708	0.159	0.0088	0.262
68.5	4636	29	4605	4661	4580	4694	-7.71	-5.82	0.728	0.156	0.0086	0.280
69	4640	30	4606	4666	4580	4702	-7.52	-5.83	0.709	0.135	0.0072	0.247
69.5	4643	31	4609	4670	4583	4707	-7.45	-5.75	0.682	0.122	0.0067	0.225
70	4647	32	4611	4675	4586	4713	-7.42	-5.71	0.735	0.122	0.0065	0.216
70.5	4651	32	4614	4679	4588	4718	-7.32	-6.04	1.604	0.086	0.0040	0.144
71	4655	33	4617	4684	4590	4724	-7.35	-6.25	1.517	0.088	0.0047	0.112
71.5	4658	33	4621	4688	4593	4727	-7.77	-6.32	1.393	0.108	0.0061	0.110
72	4662	34	4624	4692	4595	4732	-7.99	-6.01	0.684	0.186	0.0102	0.132
72.5	4665	34	4627	4697	4599	4735	-8.23	-7.23	0.716	0.149	0.0086	0.175
73	4669	34	4630	4702	4602	4739	-8.18	-6.33	0.732	0.182	0.0111	0.201
73.5	4673	35	4634	4706	4605	4744	-8.17	-6.98	0.663	0.145	0.0090	0.266
74	4677	35	4639	4710	4609	4747	-8.14	-6.56	0.702	0.179	0.0106	0.219
74.5	4680	35	4643	4714	4612	4750	-7.89	-6.84	0.676	0.127	0.0071	0.251
75	4684	34	4647	4717	4616	4753	-7.58	-5.94	0.698	0.109	0.0058	0.233
75.5	4687	34	4651	4721	4620	4756	-7.60	-6.07	1.132	0.056	0.0031	0.127
76	4691	34	4655	4725	4624	4760	-7.83	-6.19	1.123	0.104	0.0064	0.121
76.5	4695	34	4660	4728	4629	4762	-8.16	-6.73	0.851	0.130	0.0080	0.247
77	4699	33	4664	4731	4633	4766	-8.27	-6.49	0.959	0.143	0.0083	0.126
77.5	4702	33	4666	4735	4635	4768	-8.35	-6.29	0.829	0.145	0.0082	0.136
78	4704	34	4669	4737	4637	4771	-8.18	-6.51	0.664	0.123	0.0068	0.164
78.5	4706	34	4670	4740	4639	4774	-8.44	-6.72	0.782	0.140	0.0081	0.160
79	4709	34	4673	4743	4641	4777	-8.58	-6.64	0.773	0.158	0.0093	0.189
79.5	4711	34	4675	4746	4643	4780	-8.27	-6.08	1.153	0.161	0.0106	0.238
80	4714	35	4678	4749	4645	4783	-8.21	-6.44	1.058	0.110	0.0061	0.153
80.5	4717	35	4681	4752	4647	4786	-8.48	-6.05	0.795	0.126	0.0074	0.195
81	4719	35	4684	4755	4649	4789	-8.54	-6.20	0.844	0.142	0.0087	0.221
81.5	4722	35	4685	4758	4652	4791	-8.19	-5.75	0.697	0.133	0.0071	0.168
82	4725	35	4690	4760	4654	4794	-8.37	-6.58	0.724	0.107	0.0060	0.217
82.5	4727	35	4691	4764	4657	4797	-8.42	-6.60	0.794	0.142	0.0083	0.232
83	4730	35	4695	4766	4659	4799	-8.47	-6.09	0.700	0.151	0.0087	0.242
83.5	4732	35	4696	4769	4661	4801	-8.52	-6.54	0.710	0.157	0.0093	0.325
84	4735	35	4700	4772	4664	4804	-8.80	-6.60	0.705	0.170	0.0114	0.319
84.5	4737	35	4703	4774	4667	4806	-8.67	-6.13	0.734	0.187	0.0116	0.315
85	4740	35	4706	4778	4669	4809	-8.71	-6.88	0.711	0.152	0.0094	0.304
85.5	4743	35	4709	4780	4672	4811	-8.31	-5.75	0.632	0.148	0.0083	0.274
86	4745	35	4711	4783	4674	4814	-8.51	-6.78	0.687	0.182	0.0107	0.320
86.5	4748	35	4715	4785	4679	4815	-8.48	-6.53	0.767	0.120	0.0074	0.274
87	4750	34	4717	4788	4680	4818	-8.42	-6.06	0.702	0.114	0.0063	0.281
87.5	4753	34	4721	4790	4684	4820	-8.22	-6.00	0.673	0.086	0.0049	0.301
88	4756	34	4724	4792	4687	4822	-8.43	-6.47	0.686	0.089	0.0052	0.299
88.5	4758	34	4726	4795	4689	4824	-8.22	-5.94	0.700	0.130	0.0066	0.276
89	4761	33	4730	4797	4693	4826	-8.24	-6.26	0.702	0.090	0.0047	0.472
89.5	4763	33	4732	4799	4695	4828	-8.13	-5.99	0.669	0.108	0.0057	0.321
90	4766	32	4736	4801	4700	4830	-7.63	-6.34	0.756	0.086	0.0046	0.280
90.5	4769	32	4738	4804	4703	4832	-8.17	-6.14	1.228	0.080	0.0040	0.174
91	4771	32	4741	4805	4706	4833	-8.59	-6.20	0.996	0.116	0.0064	0.161
91.5	4774	31	4744	4808	4711	4835	-8.78	-5.99	0.685	0.176	0.0105	0.251
92	4776	31	4747	4809	4714	4836	-8.61	-6.15	0.730	0.148	0.0083	0.186
92.5	4779	30	4751	4811	4717	4839	-8.57	-6.85	0.741	0.108	0.0055	0.190
93	4782	29	4753	4813	4721	4840	-8.44	-5.98	0.733	0.150	0.0076	0.168
93.5	4784	29	4756	4815	4726	4842	-8.36	-6.16	0.741	0.088	0.0044	0.175
94	4787	28	4760	4816	4730	4843	-8.59	-5.85	0.745	0.109	0.0053	0.147
94.5	4789	27	4762	4818	4734	4844	-8.73	-6.41	0.793	0.123	0.0069	0.288
95	4792	27	4764	4821	4737	4846	-8.55	-6.85	0.793	0.143	0.0077	0.157
95.5	4795	28	4767	4823	4738	4851	-8.12	-6.62	0.787	0.165	0.0090	0.187
96	4798	28	4769	4827	4740	4855	-8.50	-6.41	0.784	0.163	0.0091	0.151
96.5	4801	29	4771	4830	4743	4859	-8.01	-6.21	0.839	0.112	0.0056	0.102
97	4803	29	4773	4833	4744	4863	-7.99	-6.09	0.961	0.045	0.0018	0.201
97.5	4806	30	4776	4836	4747	4866	-8.01	-5.75	1.285	0.088	0.0037	-0.048
98	4809	30	4779	4839	4749	4869	-7.99	-5.53	1.178	0.090	0.0039	-0.037
98.5	4812	30	4781	4843	4751	4873	-8.61	-6.53	0.833	0.136	0.0072	0.050
99	4815	30	4784	4846	4754	4876	-8.51	-6.75	0.887	0.154	0.0078	0.094
99.5	4818	31	4787	4849	4757	4878	-8.28	-6.58	0.686	0.145	0.0065	0.109
100	4821	31	4790	4852	4758	4882	-8.15	-6.07	0.755	0.125	0.0055	0.106
100.5	4824	31	4793	4856	4763	4883	-7.95	-6.26	1.316	0.076	0.0027	0.136
101	4826	31	4797	4858	4763	4888	-8.42	-6.54	0.900	0.131	0.0054	0.228
101.5	4829	31	4799	4862	4768	4889	-8.56	-6.62	0.879	0.167	0.0088	0.344
102	4832	31	4803	4864	4769	4892	-8.45	-6.76	0.899	0.165	0.0085	0.328
102.5	4835	30	4806	4868	4773	4894	-8.11	-6.15	0.703	0.142	0.0066	0.315
103	4838	30	4809	4871	4776	4897	-8.11	-6.83	0.968	0.088	0.0042	0.353
103.5	4840	30	4812	4873	4780	4898	-8.14	-6.78	0.919	0.111	0.0048	0.414
104	4843	29	4815	4876	4782	4901	-7.93	-6.15	0.773	0.100	0.0043	0.406
104.5	4846	29	4819	4878	4786	4903	-8.31	-6.69	0.690	0.107	0.0048	0.479
105	4849	29	4823	4880	4790	4904	-8.48	-6.99	0.840	0.148	0.0077	0.557
105.5	4851	28	4826	4882	4793	4907	-8.24	-6.38	0.905	0.156	0.0073	0.531
106	4855	28	4830	4885	4798	4908	-8.16	-6.81	0.745	0.102	0.0047	0.567
106.5	4857	27	4832	4887	4802	4910	-8.25	-6.36	0.785	0.134	0.0064	0.629
107	4860	26	4836	4889	4806	4913	-8.17	-6.53	0.820	0.127	0.0060	0.589
107.5	4863	25	4839	4890	4811	4914	-8.00	-5.99	0.729	0.118	0.0052	0.639
108	4866	24	4842	4893	4816	4915	-8.29	-6.93	0.855	0.113	0.0067	0.283
108.5	4869	23	4846	4893	4820	4916	-8.18	-6.54	0.733	0.153	0.0086	0.333
109	4871	23	4848	4895	4826	4916	-8.12	-5.76	0.588	0.159	0.0088	0.271
109.5	4874	23	4850	4898	4827	4920	-8.25	-6.79	0.668	0.104	0.0060	0.336
110	4876	24	4852	4900	4829	4923	-8.18	-6.21	0.849	0.110	0.0059	0.347
110.5	4878	24	4853	4903	4830	4927	-8.22	-6.19	0.699	0.152	0.0084	0.290
111	4881	24	4855	4905	4832	4930	-8.59	-7.13	0.616	0.117	0.0079	0.397
111.5	4883	25	4857	4907	4834	4933	-8.33	-6.45	0.747	0.132	0.0077	0.366
112	4885	25	4859	4910	4835	4936	-8.46	-6.69	0.684	0.103	0.0061	0.310
112.5	4888	25	4862	4913	4838	4938	-8.65	-6.51	0.656	0.130	0.0079	0.369
113	4890	25	4864	4915	4839	4941	-8.58	-6.71	0.678	0.121	0.0071	0.362
113.5	4892	25	4865	4918	4841	4944	-8.72	-6.69	0.744	0.150	0.0087	0.333
114	4895	26	4868	4920	4843	4946	-8.51	-6.06	0.695	0.146	0.0074	0.113
114.5	4897	26	4870	4923	4845	4949	-8.74	-6.81	0.695	0.136	0.0068	0.143
115	4899	26	4873	4924	4847	4951	-8.59	-5.85	0.676	0.160	0.0081	0.126
115.5	4902	26	4875	4928	4850	4953	-8.91	-7.22	0.674	0.141	0.0078	0.148
116	4904	26	4878	4930	4852	4955	-8.81	-6.66	0.799	0.150	0.0085	0.178
116.5	4906	26	4879	4934	4854	4958	-8.71	-6.45	0.711	0.121	0.0072	0.236
117	4908	26	4883	4935	4857	4959	-8.73	-6.83	0.756	0.145	0.0089	0.267
117.5	4910	25	4884	4937	4859	4962	-8.79	-6.42	0.712	0.158	0.0093	0.197
118	4913	25	4888	4939	4862	4963	-8.79	-6.93	0.737	0.146	0.0085	0.234
118.5	4915	25	4890	4942	4865	4965	-8.52	-6.25	0.685	0.138	0.0079	0.231
119	4917	25	4892	4944	4867	4967	-8.69	-6.56	0.802	0.109	0.0066	0.273
119.5	4920	25	4895	4946	4870	4969	-8.58	-6.38	0.762	0.137	0.0079	0.312
